21.87
37.34
13.93
49.28
21.33
51.49
18.74
20.47
15.73
10.39
24.39
31.29
42.93
41.26
39.79
20.98
35.92
42.03
11.52
12.48
51.86
21.22
43.15
17.10
14.40
16.80
46.98
37.92
36.59
20.46
26.55
49.28
15.15
12.86
12.23
19.94
17.74
43.96
47.87
21.53
24.09
27.23
23.82
54.34
52.00
24.29
46.68
19.72
26.07
45.71
32.52
52.55
21.00
15.98
47.64
42.32
46.10
14.44
43.67
13.02
32.90
36.15
37.39
37.88
57.86
55.13
50.86
20.61
53.39
17.02
16.67
52.92
48.03
27.06
15.69
15.70
35.86
14.73
30.60
42.51
3.10
14.93
28.78
15.28
47.77
33.81
53.89
16.07
41.17
20.64
12.88
37.18
14.30
21.20
41.79
5.87
46.15
12.35
54.98
18.64
33.51
51.68
33.71
31.66
11.92
30.68
37.98
30.98
45.96
25.75
55.71
34.24
28.76
42.60
13.78
39.71
17.23
27.05
33.58
29.91
53.81
17.69
20.62
31.53
24.84
23.33
42.15
46.50
5.80
21.69
58.43
19.99
10.48
23.00
49.32
42.22
36.35
10.56
49.51
29.62
36.42
31.11
51.71
33.29
3.98
33.69
52.14
32.50
31.49
44.98
6.88
31.58
25.45
16.80
15.42
52.56
37.78
46.55
47.69
39.76
17.10
45.74
13.91
27.18
48.03
6.91
31.37
21.82
2.24
18.10
13.17
32.57
48.52
36.91
35.08
13.04
18.95
22.36
46.21
53.05
6.65
54.74
37.42
28.39
37.51
23.24
12.32
40.29
14.73
18.34
18.04
10.65
51.63
34.13
52.20
14.63
31.06
15.07
15.76
41.72
21.43
25.85
11.98
39.09
22.29
54.07
11.05
18.22
61.55
39.69
23.32
44.45
35.94
43.52
50.67
56.26
55.22
17.74
25.31
27.43
39.72
36.88
24.19
14.49
56.69
10.95
39.21
25.80
20.51
47.44
36.54
12.63
48.78
51.30
51.93
43.01
12.84
24.28
44.04
54.27
45.25
29.29
38.72
35.97
54.16
50.17
50.68
42.31
37.18
38.42
25.72
53.44
48.60
32.45
34.35
14.06
28.70
10.20
51.05
51.77
54.31
35.85
46.64
37.15
13.44
48.56
35.36
53.17
31.22
45.93
31.99
35.93
50.48
21.53
24.33
18.45
47.39
13.56
36.52
20.57
48.91
34.14
38.33
41.12
39.19
28.58
20.67
30.20
37.51
13.89
5.36
41.41
28.89
39.35
51.55
23.03
41.46
15.89
16.02
38.70
37.17
13.38
43.44
39.35
31.07
8.70
42.20
19.92
39.83
12.94
32.19
30.42
35.04
26.27
53.18
44.65
30.77
31.03
19.95
19.20
60.70
44.92
31.43
50.11
21.11
16.25
54.09
17.51
43.69
32.05
36.00
10.46
22.52
17.88
33.15
26.34
8.51
28.46
48.30
18.72
53.42
42.43
22.48
29.24
57.44
52.41
13.31
43.45
45.74
17.02
55.45
53.50
23.46
19.02
12.66
30.46
24.30
45.48
12.73
18.63
11.38
47.46
11.34
45.15
39.97
