102.46
61.16
83.51
85.73
65.06
67.13
79.47
62.51
79.61
64.53
73.92
87.09
80.51
86.79
84.46
71.12
64.54
81.01
79.54
70.52
56.70
64.09
68.91
67.18
69.09
77.67
63.99
93.27
71.00
70.68
72.34
94.06
60.68
69.08
60.41
90.02
70.63
92.46
60.86
69.88
95.70
76.33
69.94
60.73
86.88
90.93
74.38
92.56
76.48
87.95
64.72
60.40
61.71
80.11
71.00
73.12
92.27
86.54
72.63
93.89
92.63
69.26
70.46
83.29
63.48
81.93
73.80
73.33
84.03
72.00
77.55
82.62
74.57
61.50
64.55
70.29
67.39
82.91
78.40
82.23
88.41
74.38
76.72
74.79
89.16
58.04
61.92
87.23
85.52
79.00
98.29
85.81
75.15
80.43
67.23
62.25
52.23
67.87
94.76
63.07
95.16
79.50
79.06
83.33
73.04
94.45
84.06
75.52
86.69
60.99
56.79
62.48
90.06
77.81
87.78
92.44
90.98
74.83
75.19
66.41
95.10
84.83
84.36
83.47
89.70
78.58
86.30
61.17
91.51
94.22
68.05
75.50
62.63
75.16
66.63
82.07
80.89
85.52
82.42
79.33
84.13
68.98
66.46
79.61
93.02
63.07
83.55
79.48
83.38
69.83
85.00
72.12
93.38
73.26
60.22
97.51
73.80
70.52
89.57
77.07
64.55
94.52
92.13
87.61
65.48
81.73
63.37
83.26
84.95
89.29
64.33
81.16
91.16
76.96
94.66
85.78
79.07
65.58
72.99
60.99
68.38
63.11
76.39
71.52
95.62
85.25
60.56
84.09
62.65
81.51
68.34
74.43
84.73
65.29
74.21
77.52
66.91
80.91
64.60
79.74
62.90
83.81
84.31
68.76
79.26
63.71
90.82
64.25
99.12
93.76
78.02
90.81
72.75
80.57
93.29
61.06
93.82
63.92
67.09
82.05
88.24
80.31
91.27
94.14
79.05
82.35
81.26
66.56
68.71
70.33
61.61
89.77
72.80
77.71
73.49
92.93
66.10
91.78
72.57
93.80
81.36
64.71
91.01
92.31
61.49
84.71
82.49
80.95
63.57
88.83
89.37
91.78
63.64
63.09
60.36
63.28
86.18
67.47
71.20
75.24
78.83
94.58
87.06
69.59
79.62
78.47
61.88
79.51
90.19
83.32
76.12
76.46
87.45
60.65
81.40
85.59
80.97
66.99
67.18
60.12
59.42
87.69
65.68
84.33
79.20
69.67
64.09
83.47
62.95
82.92
86.29
77.38
86.79
91.98
71.86
72.17
71.40
69.43
65.69
81.26
56.17
90.87
86.74
94.77
58.60
75.52
80.08
78.72
77.13
65.06
55.83
83.88
93.93
85.31
82.46
77.61
82.06
87.08
81.52
89.99
95.78
87.34
60.19
72.79
92.06
60.30
84.61
63.20
85.11
94.72
97.79
66.24
77.67
78.00
63.03
78.13
61.87
84.15
92.36
71.84
75.56
85.72
85.65
87.12
87.97
87.40
90.07
65.53
64.61
88.58
93.46
66.92
82.80
71.77
88.52
62.57
81.68
85.49
83.84
67.32
56.25
68.98
71.91
94.37
79.41
