77.14
39.68
77.88
68.29
47.78
82.09
39.05
59.46
51.61
54.62
38.45
40.18
74.04
36.84
60.60
30.56
27.04
36.12
39.23
45.45
86.89
53.15
41.31
50.81
27.16
30.78
41.00
57.05
76.75
49.40
69.60
53.35
29.60
60.93
82.11
42.62
49.15
60.65
55.51
42.47
28.33
60.25
44.51
37.16
73.68
56.58
42.38
51.58
53.38
62.26
31.45
76.79
42.03
48.23
63.92
47.90
65.83
72.81
37.39
58.29
55.62
48.10
76.69
48.08
76.65
45.79
43.27
60.85
48.70
82.15
68.58
44.88
77.75
50.22
40.52
52.95
82.01
70.91
68.57
46.86
40.42
68.49
61.91
57.16
61.31
46.59
77.07
82.67
34.97
43.59
45.63
64.57
36.72
78.58
47.81
72.07
51.12
72.93
82.53
60.94
46.71
43.81
35.50
58.37
56.29
73.67
55.69
81.62
36.22
56.66
52.53
61.33
62.79
67.88
63.49
80.10
78.54
72.78
43.64
57.58
89.62
67.52
79.38
60.53
78.56
37.71
58.39
81.69
56.46
82.90
65.27
46.91
64.00
75.46
65.74
36.73
28.80
81.32
36.31
55.55
54.08
41.14
41.75
47.57
45.87
33.79
73.23
55.18
38.80
37.08
40.16
63.90
32.49
41.51
58.40
52.49
60.42
54.80
35.38
67.96
84.97
46.69
51.43
73.67
59.73
66.36
55.85
61.75
41.26
49.73
36.67
65.61
75.98
79.50
82.55
75.24
90.12
50.79
82.77
39.91
74.49
79.71
54.08
76.73
87.89
53.83
68.79
69.98
58.27
71.39
58.74
65.67
40.98
72.23
53.49
87.79
37.97
75.79
59.78
58.04
71.16
71.82
77.05
44.32
36.36
66.33
76.72
53.75
78.04
70.69
64.67
83.97
69.75
82.27
70.67
68.19
34.36
62.77
62.93
79.10
41.82
51.39
83.37
78.94
46.61
69.80
75.68
39.47
72.94
56.34
58.94
65.83
65.14
55.55
51.05
36.46
36.78
83.41
61.87
74.31
64.00
39.86
35.43
40.70
83.46
76.12
62.49
42.54
36.62
38.38
47.02
35.42
52.16
35.56
60.22
55.11
54.07
72.50
83.56
52.06
58.11
66.30
78.93
38.59
75.63
81.53
36.31
81.25
37.19
63.77
46.27
43.57
80.95
73.68
71.45
72.21
37.38
59.15
55.95
73.44
30.52
38.21
45.77
38.14
59.52
75.40
72.38
84.97
37.71
60.19
70.39
41.81
62.92
50.20
37.06
77.07
57.47
61.54
48.64
71.75
45.99
79.30
77.26
80.51
67.26
30.40
80.84
64.22
41.18
44.57
85.80
41.39
29.77
70.46
77.05
81.55
74.32
57.23
38.08
73.19
55.12
74.31
37.03
54.80
67.63
88.16
77.54
63.14
35.36
75.51
87.74
52.46
49.60
53.12
58.85
43.94
80.75
79.68
84.04
79.07
71.64
62.94
77.99
55.23
32.59
62.19
38.38
42.82
75.89
51.14
33.85
38.52
61.02
54.61
68.54
74.09
37.03
35.05
76.56
44.77
54.92
48.26
47.28
60.91
84.77
